   0.200000       0.00000       0.00000       0.00000       0.00000       0.00000    
   0.400000      0.426508E-01   0.00000      0.167648E-01  0.170603E-01  0.255905E-01
   0.600000      0.426508E-01   0.00000      0.167648E-01  0.170603E-01  0.255905E-01
   0.800000      0.326250E-02   0.00000      0.490471E-03   0.00000      0.326250E-02
    1.00000      0.142378E-01   0.00000      0.326199E-02  0.711889E-02  0.711889E-02
    1.20000      0.142378E-01   0.00000      0.326199E-02  0.711889E-02  0.711889E-02
    1.40000      0.142378E-01   0.00000      0.326199E-02  0.711889E-02  0.711889E-02
    1.60000      0.142378E-01   0.00000      0.326199E-02  0.711889E-02  0.711889E-02
    1.80000      0.326250E-02   0.00000      0.490471E-03   0.00000      0.326250E-02
    2.00000       0.00000       0.00000       0.00000       0.00000       0.00000    
    2.20000       1.02080       0.00000      0.306520      0.494493      0.508952    
    2.40000       1.66015       0.00000      0.547316      0.837291      0.805532    
    2.60000       1.74967       0.00000      0.566314      0.854627      0.883499    
    2.80000       1.75912       0.00000      0.567884      0.895446      0.852118    
    3.00000       1.76002       0.00000      0.565168      0.910355      0.838104    
    3.20000       1.79698       0.00000      0.558841      0.985163      0.788708    
    3.40000       1.78559       0.00000      0.565827      0.941912      0.814783    
    3.60000       1.75149       0.00000      0.558702      0.939330      0.789037    
    3.80000       1.62384       0.00000      0.537749      0.855263      0.739687    
    4.00000       1.58717       0.00000      0.538270      0.800814      0.740102    
    4.20000       1.64339       0.00000      0.554333      0.817362      0.756710    
    4.40000       1.73117       0.00000      0.571945      0.855470      0.806339    
    4.60000       1.67412      0.260226E-01  0.558676      0.838508      0.745983    
    4.80000       1.79796      0.260155E-01  0.590557      0.927888      0.780466    
    5.00000       1.74087      0.260262E-01  0.564977      0.905135      0.757653    
    5.20000       1.60516      0.260297E-01  0.552872      0.821381      0.711478    
    5.40000       1.55005      0.867564E-02  0.558946      0.777917      0.717187    
    5.60000       1.57941      0.867806E-02  0.561899      0.815738      0.708708    
    5.80000       1.65087       0.00000      0.574423      0.855793      0.748818    
    6.00000       1.67399      0.867353E-02  0.562073      0.852898      0.771945    
    6.20000       1.64296      0.867761E-02  0.556404      0.867762      0.708672    
    6.40000       1.60863      0.867963E-02  0.564476      0.772488      0.775381    
    6.60000       1.61634      0.867442E-02  0.556395      0.800939      0.754675    
    6.80000       1.66323      0.866267E-02  0.592972      0.776753      0.802741    
    7.00000       1.67286      0.866764E-02  0.587637      0.782978      0.811870    
    7.20000       1.75469       0.00000      0.621716      0.855666      0.823868    
    7.40000       1.73116       0.00000      0.621174      0.861247      0.783215    
    7.60000       1.63313       0.00000      0.583463      0.872928      0.696608    
    7.80000       1.68847       0.00000      0.575704      0.913624      0.711239    
    8.00000       1.82342       0.00000      0.598876      0.969415      0.790534    
    8.20000       1.73123       0.00000      0.582599      0.939318      0.734113    
    8.40000       1.72992       0.00000      0.573599      0.925708      0.746352    
    8.60000       1.76663       0.00000      0.571846       1.02933      0.667908    
    8.80000       1.81755       0.00000      0.592341       1.02870      0.719509    
    9.00000       1.70093       0.00000      0.545659      0.974851      0.656650    
    9.20000       1.67450       0.00000      0.522768      0.928347      0.682523    
    9.40000       1.69168       0.00000      0.535209      0.942713      0.685346    
    9.60000       1.65147       0.00000      0.513215      0.893704      0.699924    
    9.80000       1.69733       0.00000      0.527840      0.910833      0.717100    
    10.0000       1.67981       0.00000      0.542691      0.890500      0.696787    
    10.2000       1.60779      0.867511E-02  0.526128      0.838594      0.679551    
    10.4000       1.60535      0.867755E-02  0.516073      0.879326      0.647924    
    10.6000       1.44607      0.867642E-02  0.496616      0.789555      0.595781    
    10.8000       1.28415      0.867667E-02  0.433278      0.670996      0.552415    
    11.0000       1.28130       0.00000      0.420357      0.688374      0.535080    
    11.2000       1.34996       0.00000      0.441685      0.659083      0.633066    
    11.4000       1.32979       0.00000      0.407389      0.656220      0.615749    
    11.6000       1.29529       0.00000      0.395795      0.586929      0.650537    
    11.8000       1.32976       0.00000      0.382945      0.598391      0.673551    
    12.0000       1.31019      0.867673E-02  0.361842      0.630510      0.624725    
    12.2000       1.27557       0.00000      0.354240      0.627659      0.601627    
    12.4000       1.24588       0.00000      0.345905      0.607042      0.592589    
    12.6000       1.14100       0.00000      0.317663      0.551721      0.543056    
    12.8000       1.10568       0.00000      0.297496      0.516756      0.542738    
    13.0000       1.01090       0.00000      0.279886      0.470791      0.493897    
    13.2000       1.02074       0.00000      0.271445      0.529163      0.445306    
    13.4000       1.02677       0.00000      0.261757      0.561107      0.419384    
    13.6000      0.980685       0.00000      0.247740      0.526503      0.407895    
    13.8000      0.895544       0.00000      0.226211      0.482438      0.366884    
    14.0000      0.890568       0.00000      0.222195      0.459741      0.390346    
    14.2000      0.881769       0.00000      0.216049      0.451003      0.390291    
    14.4000      0.843973       0.00000      0.204864      0.442219      0.361290    
    14.6000      0.875607       0.00000      0.210456      0.459477      0.387232    
    14.8000      0.852625       0.00000      0.209474      0.439318      0.384404    
    15.0000      0.794862       0.00000      0.197731      0.424890      0.346849    
    15.2000      0.731282       0.00000      0.184158      0.390209      0.312167    
    15.4000      0.676190       0.00000      0.170181      0.410337      0.260073    
    15.6000      0.675404       0.00000      0.164844      0.375224      0.294407    
    15.8000      0.633015       0.00000      0.144875      0.320843      0.300610    
    16.0000      0.589694       0.00000      0.136023      0.294847      0.283284    
    16.2000      0.552284       0.00000      0.126936      0.286262      0.254455    
    16.4000      0.543025       0.00000      0.124245      0.277289      0.254182    
    16.6000      0.533919       0.00000      0.117152      0.277060      0.251086    
    16.8000      0.519186       0.00000      0.113801      0.285552      0.227865    
    17.0000      0.502674       0.00000      0.119419      0.268670      0.228225    
    17.2000      0.484556       0.00000      0.115343      0.276889      0.201898    
    17.4000      0.433485       0.00000      0.106027      0.248531      0.179174    
    17.6000      0.407682       0.00000      0.945768E-01  0.248657      0.153242    
    17.8000      0.433607       0.00000      0.945609E-01  0.274617      0.153208    
    18.0000      0.424967       0.00000      0.912421E-01  0.283311      0.135874    
    18.2000      0.436595       0.00000      0.949939E-01  0.294919      0.130111    
    18.4000      0.376153       0.00000      0.800461E-01  0.245946      0.118633    
    18.6000      0.350108       0.00000      0.766986E-01  0.202542      0.135992    
    18.8000      0.341409       0.00000      0.753064E-01  0.190958      0.138878    
    19.0000      0.341308       0.00000      0.749409E-01  0.185116      0.144622    
    19.2000      0.312146       0.00000      0.710876E-01  0.147402      0.153183    
    19.4000      0.297747       0.00000      0.684259E-01  0.147428      0.144537    
    19.6000      0.289263       0.00000      0.670813E-01  0.150417      0.133061    
    19.8000      0.274732       0.00000      0.605656E-01  0.150380      0.124353    
    20.0000      0.231152       0.00000      0.547578E-01  0.132913      0.982398E-01
    20.2000      0.248220       0.00000      0.568081E-01  0.152973      0.952473E-01
    20.4000      0.222261       0.00000      0.528787E-01  0.132779      0.894817E-01
    20.6000      0.213603       0.00000      0.512302E-01  0.135666      0.779360E-01
    20.8000      0.207885       0.00000      0.478318E-01  0.132815      0.750696E-01
    21.0000      0.225146       0.00000      0.495015E-01  0.124119      0.101027    
    21.2000      0.199069       0.00000      0.431052E-01  0.109632      0.894366E-01
    21.4000      0.207901       0.00000      0.452712E-01  0.981754E-01  0.109725    
    21.6000      0.181531       0.00000      0.409729E-01  0.749174E-01  0.106613    
    21.8000      0.181342       0.00000      0.400476E-01  0.748394E-01  0.106502    
    22.0000      0.190276       0.00000      0.423584E-01  0.778400E-01  0.112436    
    22.2000      0.181653       0.00000      0.410306E-01  0.865012E-01  0.951514E-01
    22.4000      0.172985       0.00000      0.393769E-01  0.864927E-01  0.864927E-01
    22.6000      0.172882       0.00000      0.380036E-01  0.864408E-01  0.864408E-01
    22.8000      0.147186       0.00000      0.355678E-01  0.779219E-01  0.692639E-01
    23.0000      0.156038       0.00000      0.355160E-01  0.866877E-01  0.693502E-01
    23.2000      0.121230       0.00000      0.298464E-01  0.692740E-01  0.519555E-01
    23.4000      0.135816       0.00000      0.328993E-01  0.693529E-01  0.606838E-01
    23.6000      0.118371       0.00000      0.303882E-01  0.606290E-01  0.519677E-01
    23.8000      0.121027       0.00000      0.304498E-01  0.749217E-01  0.461057E-01
    24.0000      0.121120       0.00000      0.301084E-01  0.922822E-01  0.288382E-01
    24.2000      0.104078       0.00000      0.261392E-01  0.751677E-01  0.289107E-01
    24.4000      0.867509E-01   0.00000      0.238817E-01  0.578339E-01  0.289169E-01
    24.6000      0.781203E-01   0.00000      0.221799E-01  0.578669E-01  0.202534E-01
    24.8000      0.664904E-01   0.00000      0.179268E-01  0.607087E-01  0.578178E-02
    25.0000      0.664286E-01   0.00000      0.173683E-01  0.606522E-01  0.577640E-02
    25.2000      0.663153E-01   0.00000      0.166243E-01  0.605487E-01  0.576655E-02
    25.4000      0.662432E-01   0.00000      0.162414E-01  0.604830E-01  0.576028E-02
    25.6000      0.662295E-01   0.00000      0.158638E-01  0.604704E-01  0.575909E-02
    25.8000      0.576961E-01   0.00000      0.141211E-01  0.490417E-01  0.865441E-02
    26.0000      0.404423E-01   0.00000      0.116135E-01  0.317761E-01  0.866620E-02
    26.2000      0.404635E-01   0.00000      0.113904E-01  0.317928E-01  0.867076E-02
    26.4000      0.404332E-01   0.00000      0.107773E-01  0.317690E-01  0.866426E-02
    26.6000      0.578193E-01   0.00000      0.140403E-01  0.491464E-01  0.867289E-02
    26.8000      0.578194E-01   0.00000      0.133717E-01  0.491465E-01  0.867291E-02
    27.0000      0.491563E-01   0.00000      0.146854E-01  0.404816E-01  0.867463E-02
    27.2000      0.578387E-01   0.00000      0.163517E-01  0.404871E-01  0.173516E-01
    27.4000      0.577693E-01   0.00000      0.144787E-01  0.404385E-01  0.173308E-01
    27.6000      0.572933E-01   0.00000      0.152308E-01  0.401053E-01  0.171880E-01
    27.8000      0.485135E-01   0.00000      0.135181E-01  0.342448E-01  0.142687E-01
    28.0000      0.485135E-01   0.00000      0.135180E-01  0.342448E-01  0.142687E-01
    28.2000      0.486391E-01   0.00000      0.139450E-01  0.343335E-01  0.143056E-01
    28.4000      0.486390E-01   0.00000      0.139449E-01  0.343334E-01  0.143056E-01
    28.6000      0.486390E-01   0.00000      0.139449E-01  0.343334E-01  0.143056E-01
    28.8000      0.488375E-01   0.00000      0.148476E-01  0.344736E-01  0.143640E-01
    29.0000      0.574624E-01   0.00000      0.159219E-01  0.344774E-01  0.229849E-01
    29.2000      0.574557E-01   0.00000      0.161280E-01  0.344734E-01  0.229823E-01
    29.4000      0.574798E-01   0.00000      0.165569E-01  0.344879E-01  0.229919E-01
    29.6000      0.403873E-01   0.00000      0.138098E-01  0.173088E-01  0.230784E-01
    29.8000      0.403672E-01   0.00000      0.132321E-01  0.173002E-01  0.230669E-01
    30.0000      0.403519E-01   0.00000      0.132169E-01  0.172937E-01  0.230582E-01
    30.2000      0.230772E-01   0.00000      0.966748E-02   0.00000      0.230772E-01
    30.4000      0.866996E-02   0.00000      0.593739E-02   0.00000      0.866996E-02
    30.6000      0.172889E-01   0.00000      0.702416E-02   0.00000      0.172889E-01
    30.8000      0.172956E-01   0.00000      0.682065E-02   0.00000      0.172956E-01
    31.0000      0.172337E-01   0.00000      0.705430E-02   0.00000      0.172337E-01
    31.2000      0.172594E-01   0.00000      0.676568E-02   0.00000      0.172594E-01
    31.4000      0.258766E-01   0.00000      0.779957E-02   0.00000      0.258766E-01
    31.6000      0.256920E-01   0.00000      0.715025E-02   0.00000      0.256920E-01
    31.8000      0.259684E-01   0.00000      0.540163E-02   0.00000      0.259684E-01
    32.0000      0.259385E-01   0.00000      0.546651E-02   0.00000      0.259385E-01
    32.2000      0.259919E-01   0.00000      0.521891E-02   0.00000      0.259919E-01
    32.4000      0.347091E-01   0.00000      0.675524E-02  0.867728E-02  0.260318E-01
    32.6000      0.346905E-01   0.00000      0.716226E-02  0.867264E-02  0.260179E-01
    32.8000      0.346954E-01   0.00000      0.775749E-02  0.867384E-02  0.260215E-01
    33.0000      0.346786E-01   0.00000      0.769733E-02  0.866966E-02  0.260090E-01
    33.2000      0.433726E-01   0.00000      0.877878E-02  0.173490E-01  0.260236E-01
    33.4000      0.433725E-01   0.00000      0.877883E-02  0.173490E-01  0.260235E-01
    33.6000      0.433727E-01   0.00000      0.857170E-02  0.173491E-01  0.260236E-01
    33.8000      0.433726E-01   0.00000      0.857168E-02  0.173490E-01  0.260236E-01
    34.0000      0.433845E-01   0.00000      0.881272E-02  0.173538E-01  0.260307E-01
    34.2000      0.433844E-01   0.00000      0.881275E-02  0.173538E-01  0.260307E-01
    34.4000      0.433433E-01   0.00000      0.804013E-02  0.173373E-01  0.260060E-01
    34.6000      0.433445E-01   0.00000      0.106580E-01  0.173378E-01  0.260067E-01
    34.8000      0.433303E-01   0.00000      0.964843E-02  0.173321E-01  0.259982E-01
    35.0000      0.433303E-01   0.00000      0.964843E-02  0.173321E-01  0.259982E-01
    35.2000      0.346983E-01   0.00000      0.833117E-02  0.867459E-02  0.260238E-01
    35.4000      0.346983E-01   0.00000      0.833117E-02  0.867459E-02  0.260238E-01
    35.6000      0.519586E-01   0.00000      0.109452E-01  0.865977E-02  0.432989E-01
    35.8000      0.519722E-01   0.00000      0.112211E-01  0.866203E-02  0.433101E-01
    36.0000      0.519722E-01   0.00000      0.112211E-01  0.866203E-02  0.433101E-01
    36.2000      0.519722E-01   0.00000      0.112211E-01  0.866203E-02  0.433101E-01
    36.4000      0.519722E-01   0.00000      0.112211E-01  0.866203E-02  0.433101E-01
    36.6000      0.519722E-01   0.00000      0.112211E-01  0.866203E-02  0.433101E-01
    36.8000      0.519722E-01   0.00000      0.112211E-01  0.866203E-02  0.433101E-01
    37.0000      0.519722E-01   0.00000      0.112211E-01  0.866203E-02  0.433101E-01
    37.2000      0.519722E-01   0.00000      0.112211E-01  0.866203E-02  0.433101E-01
    37.4000      0.519722E-01   0.00000      0.112211E-01  0.866203E-02  0.433101E-01
    37.6000      0.433213E-01   0.00000      0.991677E-02  0.866425E-02  0.346570E-01
    37.8000      0.433015E-01   0.00000      0.943689E-02  0.866030E-02  0.346412E-01
    38.0000      0.432762E-01   0.00000      0.919073E-02  0.865524E-02  0.346210E-01
    38.2000      0.433177E-01   0.00000      0.919140E-02  0.866354E-02  0.346542E-01
    38.4000      0.433177E-01   0.00000      0.919140E-02  0.866354E-02  0.346542E-01
    38.6000      0.433177E-01   0.00000      0.919140E-02  0.866354E-02  0.346542E-01
    38.8000      0.345879E-01   0.00000      0.784890E-02  0.864699E-02  0.259410E-01
    39.0000      0.345879E-01   0.00000      0.784890E-02  0.864699E-02  0.259410E-01
    39.2000      0.519509E-01   0.00000      0.104958E-01  0.259754E-01  0.259754E-01
    39.4000      0.606946E-01   0.00000      0.118399E-01  0.260120E-01  0.346826E-01
    39.6000      0.433497E-01   0.00000      0.918924E-02  0.260098E-01  0.173399E-01
    39.8000      0.433497E-01   0.00000      0.918924E-02  0.260098E-01  0.173399E-01
    40.0000      0.260376E-01   0.00000      0.657031E-02  0.867921E-02  0.173584E-01
    40.2000      0.260376E-01   0.00000      0.657031E-02  0.867921E-02  0.173584E-01
    40.4000      0.260376E-01   0.00000      0.657031E-02  0.867921E-02  0.173584E-01
    40.6000      0.260376E-01   0.00000      0.657031E-02  0.867921E-02  0.173584E-01
    40.8000      0.260376E-01   0.00000      0.657031E-02  0.867921E-02  0.173584E-01
    41.0000      0.260376E-01   0.00000      0.657031E-02  0.867921E-02  0.173584E-01
    41.2000      0.260376E-01   0.00000      0.657031E-02  0.867921E-02  0.173584E-01
    41.4000      0.260376E-01   0.00000      0.657031E-02  0.867921E-02  0.173584E-01
    41.6000      0.260376E-01   0.00000      0.657031E-02  0.867921E-02  0.173584E-01
    41.8000      0.260376E-01   0.00000      0.657031E-02  0.867921E-02  0.173584E-01
    42.0000      0.173465E-01   0.00000      0.523597E-02  0.867327E-02  0.867327E-02
    42.2000      0.173465E-01   0.00000      0.523597E-02  0.867327E-02  0.867327E-02
    42.4000      0.173465E-01   0.00000      0.523597E-02  0.867327E-02  0.867327E-02
    42.6000      0.173465E-01   0.00000      0.523597E-02  0.867327E-02  0.867327E-02
    42.8000      0.865425E-02   0.00000      0.390344E-02  0.865425E-02   0.00000    
    43.0000      0.865425E-02   0.00000      0.390344E-02  0.865425E-02   0.00000    
    43.2000      0.865425E-02   0.00000      0.390344E-02  0.865425E-02   0.00000    
    43.4000      0.865425E-02   0.00000      0.390344E-02  0.865425E-02   0.00000    
    43.6000      0.865425E-02   0.00000      0.390344E-02  0.865425E-02   0.00000    
    43.8000      0.866596E-02   0.00000      0.911148E-02  0.866596E-02   0.00000    
    44.0000      0.866596E-02   0.00000      0.911148E-02  0.866596E-02   0.00000    
    44.2000      0.866596E-02   0.00000      0.911148E-02  0.866596E-02   0.00000    
    44.4000      0.866596E-02   0.00000      0.911148E-02  0.866596E-02   0.00000    
    44.6000      0.866596E-02   0.00000      0.911148E-02  0.866596E-02   0.00000    
    44.8000      0.866596E-02   0.00000      0.911148E-02  0.866596E-02   0.00000    
    45.0000      0.866596E-02   0.00000      0.911148E-02  0.866596E-02   0.00000    
    45.2000      0.866596E-02   0.00000      0.911148E-02  0.866596E-02   0.00000    
    45.4000      0.866596E-02   0.00000      0.911148E-02  0.866596E-02   0.00000    
    45.6000      0.866596E-02   0.00000      0.911148E-02  0.866596E-02   0.00000    
    45.8000      0.865876E-02   0.00000      0.953868E-02  0.865876E-02   0.00000    
    46.0000       0.00000       0.00000      0.826706E-02   0.00000       0.00000    
    46.2000       0.00000       0.00000      0.803358E-02   0.00000       0.00000    
    46.4000       0.00000       0.00000      0.803358E-02   0.00000       0.00000    
    46.6000       0.00000       0.00000      0.803358E-02   0.00000       0.00000    
    46.8000       0.00000       0.00000      0.803358E-02   0.00000       0.00000    
    47.0000       0.00000       0.00000      0.803358E-02   0.00000       0.00000    
    47.2000       0.00000       0.00000      0.803358E-02   0.00000       0.00000    
    47.4000       0.00000       0.00000      0.803358E-02   0.00000       0.00000    
    47.6000       0.00000       0.00000      0.782248E-02   0.00000       0.00000    
    47.8000       0.00000       0.00000      0.782248E-02   0.00000       0.00000    
    48.0000       0.00000       0.00000      0.782248E-02   0.00000       0.00000    
    48.2000       0.00000       0.00000      0.782248E-02   0.00000       0.00000    
    48.4000       0.00000       0.00000      0.808937E-02   0.00000       0.00000    
    48.6000       0.00000       0.00000      0.808937E-02   0.00000       0.00000    
    48.8000       0.00000       0.00000      0.808937E-02   0.00000       0.00000    
    49.0000       0.00000       0.00000      0.808937E-02   0.00000       0.00000    
    49.2000       0.00000       0.00000      0.808937E-02   0.00000       0.00000    
    49.4000       0.00000       0.00000      0.808937E-02   0.00000       0.00000    
    49.6000       0.00000       0.00000      0.808937E-02   0.00000       0.00000    
    49.8000       0.00000       0.00000      0.808937E-02   0.00000       0.00000    
    50.0000       0.00000       0.00000      0.808937E-02   0.00000       0.00000    
