     0.0705    1.0977    0.2555    0.6182    0.0306   -0.0034
     0.0913    1.1031    0.2570    0.6219    0.0308   -0.0026
     0.1123    1.1008    0.2594    0.6216    0.0306   -0.0028
     0.1335    1.1023    0.2609    0.6227    0.0305   -0.0031
     0.1549    1.1086    0.2625    0.6250    0.0307   -0.0025
     0.1766    1.1102    0.2648    0.6270    0.0307   -0.0027
     0.1986    1.1086    0.2656    0.6267    0.0306   -0.0024
     0.2208    1.1187    0.2656    0.6304    0.0308   -0.0031
     0.2433    1.1242    0.2656    0.6335    0.0310   -0.0028
     0.2660    1.1320    0.2695    0.6378    0.0311   -0.0033
     0.2890    1.1367    0.2727    0.6406    0.0311   -0.0035
     0.3123    1.1344    0.2742    0.6400    0.0309   -0.0039
     0.3359    1.1273    0.2727    0.6354    0.0308   -0.0039
     0.3597    1.1234    0.2773    0.6358    0.0307   -0.0035
     0.3839    1.1258    0.2750    0.6351    0.0308   -0.0040
     0.4084    1.1266    0.2758    0.6363    0.0308   -0.0042
     0.4332    1.1258    0.2734    0.6359    0.0308   -0.0039
     0.4583    1.1148    0.2750    0.6323    0.0305   -0.0030
     0.4837    1.1250    0.2766    0.6378    0.0308   -0.0023
     0.5095    1.1234    0.2758    0.6389    0.0308   -0.0024
     0.5357    1.1211    0.2758    0.6387    0.0308   -0.0026
     0.5622    1.1141    0.2734    0.6356    0.0307   -0.0024
     0.5891    1.1094    0.2750    0.6332    0.0305   -0.0032
     0.6164    1.1062    0.2750    0.6301    0.0304   -0.0027
     0.6440    1.1047    0.2773    0.6306    0.0303   -0.0029
     0.6721    1.1000    0.2727    0.6253    0.0302   -0.0020
     0.7006    1.0969    0.2742    0.6246    0.0300   -0.0025
     0.7295    1.0992    0.2773    0.6278    0.0300   -0.0021
     0.7589    1.1078    0.2781    0.6309    0.0303   -0.0022
     0.7887    1.1031    0.2781    0.6284    0.0302   -0.0032
     0.8190    1.1000    0.2750    0.6261    0.0303   -0.0032
     0.8498    1.0969    0.2719    0.6230    0.0302   -0.0030
     0.8810    1.1016    0.2680    0.6245    0.0304   -0.0030
     0.9128    1.0992    0.2695    0.6239    0.0302   -0.0035
     0.9452    1.1109    0.2664    0.6273    0.0305   -0.0028
     0.9781    1.1180    0.2656    0.6294    0.0308   -0.0023
     1.0115    1.1227    0.2625    0.6299    0.0310   -0.0020
     1.0456    1.1242    0.2633    0.6316    0.0310   -0.0019
     1.0803    1.1313    0.2609    0.6330    0.0313   -0.0024
     1.1156    1.1219    0.2641    0.6286    0.0310   -0.0030
     1.1516    1.1156    0.2664    0.6276    0.0307   -0.0030
     1.1882    1.1195    0.2695    0.6290    0.0306   -0.0033
     1.2256    1.1078    0.2687    0.6248    0.0304   -0.0035
     1.2637    1.1008    0.2719    0.6231    0.0300   -0.0040
     1.3026    1.0922    0.2680    0.6198    0.0299   -0.0043
     1.3423    1.0820    0.2687    0.6165    0.0296   -0.0036
     1.3828    1.0828    0.2672    0.6164    0.0297   -0.0036
     1.4243    1.0711    0.2664    0.6107    0.0294   -0.0036
     1.4666    1.0648    0.2727    0.6083    0.0290   -0.0037
     1.5099    1.0727    0.2719    0.6119    0.0293   -0.0031
     1.5541    1.0859    0.2742    0.6174    0.0296   -0.0026
     1.5994    1.0906    0.2781    0.6219    0.0296   -0.0028
     1.6459    1.0891    0.2797    0.6218    0.0296   -0.0032
     1.6934    1.0844    0.2797    0.6207    0.0294   -0.0041
     1.7422    1.0781    0.2766    0.6168    0.0292   -0.0049
     1.7922    1.0820    0.2766    0.6185    0.0294   -0.0059
     1.8436    1.0734    0.2766    0.6154    0.0290   -0.0051
     1.8964    1.0750    0.2719    0.6140    0.0291   -0.0055
     1.9506    1.0852    0.2742    0.6200    0.0293   -0.0051
     2.0065    1.0977    0.2758    0.6267    0.0296   -0.0055
