  0.0500000007  8.28750038  3.95000005  4.3375001
  0.150000006  47.9375  22.1625004  25.7749996
  0.25  95.7375031  45.6749992  50.0625
  0.349999994  130.199997  64.1374969  66.0625
  0.450000018  136.925003  67.8000031  69.125
  0.550000012  117.262497  59.8375015  57.4249992
  0.650000036  84.5250015  43.6749992  40.8499985
  0.75  49.9124985  25.9624996  23.9500008
  0.850000024  25.7875004  13.5  12.2875004
  0.949999988  11.2624998  6.13749981  5.125
  1.05000007  4.6875  2.48749995  2.20000005
  1.14999998  1.64999998  0.800000012  0.850000024
  1.25  0.637499988  0.337500006  0.300000012
  1.35000002  0.137500003  0.0874999985  0.0500000007
  1.45000005  0.0250000004  0.0125000002  0.0125000002
  1.55000007  0.  0.  0.
  1.64999998  0.  0.  0.
  1.75  0.  0.  0.
  1.85000002  0.  0.  0.
  1.95000005  0.  0.  0.
