  0.25  563.8125  222.712494  341.100006
  0.75  101.199997  86.1374969  15.0625
  1.25  25.0125008  23.2124996  1.79999995
  1.75  9.48750019  9.125  0.362500012
  2.25  5.0625  4.98750019  0.075000003
  2.75  2.8499999  2.8375001  0.0125000002
  3.25  2.23749995  2.23749995  0.
  3.75  1.17499995  1.17499995  0.
  4.25  0.912500024  0.912500024  0.
  4.75  0.600000024  0.600000024  0.
  5.25  0.5625  0.5625  0.
  5.75  0.3125  0.3125  0.
  6.25  0.287499994  0.287499994  0.
  6.75  0.337500006  0.337500006  0.
  7.25  0.212500006  0.212500006  0.
  7.75  0.174999997  0.174999997  0.
  8.25  0.0874999985  0.0874999985  0.
  8.75  0.100000001  0.100000001  0.
  9.25  0.0874999985  0.0874999985  0.
  9.75  0.0874999985  0.0874999985  0.
